[[0, 0, 0, 0, 0.00100017, 0.000999928, 0.00399995, 0.0280001, 0.121],[0, 0, 0, 0, 0, 0.000999928, 0.00400019, 0.0280001, 0.128],[0, 0, 0, 0, 0, 0.00100017, 0.00500011, 0.0279999, 0.122],[0, 0, 0, 0, 0, 0, 0.00500011, 0.0280001, 0.121],[0, 0, 0, 0, 0.000999928, 0.00100017, 0.00499988, 0.0289998, 0.123]]]
--
[[0, 0, 0, 0, 0, 0.00100017, 0.00399995, 0.0190001, 0.075],[0, 0, 0, 0, 0.000999928, 0.000999928, 0.00500011, 0.0190001, 0.0800002],[0, 0, 0, 0, 0.000999928, 0.00200009, 0.00499988, 0.0179999, 0.0769999],[0, 0, 0, 0.00100017, 0.000999928, 0.000999928, 0.00399995, 0.0190001, 0.0810001]]]
-- im O2
[[0, 0, 0, 0, 0, 0, 0.00199986, 0.00999999, 0.04],[0, 0, 0, 0, 0.00100017, 0.000999928, 0.00300002, 0.00999999, 0.04],[0, 0, 0, 0, 0, 0, 0.00200009, 0.00999999, 0.043],[0, 0, 0, 0, 0, 0, 0.00200009, 0.00900006, 0.039],[0, 0, 0, 0, 0, 0.000999928, 0.00200009, 0.00900006, 0.039]]
-- im o2 native ftree vec
[[0, 0, 0, 0, 0, 0, 0.00200009, 0.00900006, 0.04],[0, 0, 0, 0.00100017, 0, 0.00100017, 0.00200009, 0.00999999, 0.039],[0, 0, 0, 0, 0, 0, 0.00200009, 0.00900006, 0.0389998],[0, 0, 0, 0, 0, 0, 0.00200009, 0.00999999, 0.04],[0, 0, 0, 0, 0, 0.000999928, 0.000999928, 0.00900006, 0.039]]]
-- onlyOMP 1
[[0, 0, 0, 0, 0, 0.000999928, 0.00399995, 0.026, 0.116],[0, 0, 0, 0, 0, 0.000999928, 0.00400019, 0.026, 0.117],[0, 0, 0, 0, 0, 0.00100017, 0.00399995, 0.026, 0.118],[0, 0, 0, 0, 0, 0.000999928, 0.00500011, 0.026, 0.117],[0, 0, 0, 0.00100017, 0, 0.000999928, 0.00400019, 0.027, 0.116]]]
- 2
[[0, 0.000999928, 0.000999928, 0.000999928, 0.000999928, 0.00200009, 0.00399995, 0.017, 0.0609999],[0, 0.000999928, 0.000999928, 0.000999928, 0.000999928, 0.000999928, 0.00300002, 0.0149999, 0.0609999],[0, 0.000999928, 0.00100017, 0.00100017, 0.00100017, 0.00100017, 0.00300002, 0.0150001, 0.0639999],[0.000999928, 0.000999928, 0.000999928, 0.000999928, 0.000999928, 0.000999928, 0.00300002, 0.016, 0.0630002],[0.00100017, 0.000999928, 0, 0.000999928, 0.00100017, 0.00199986, 0.00399995, 0.016, 0.0610001]]]
- 4
[[0.000999928, 0.000999928, 0.000999928, 0.00100017, 0.000999928, 0.00100017, 0.00199986, 0.00999999, 0.0369999],[0, 0.000999928, 0.00100017, 0.000999928, 0.000999928, 0.00100017, 0.00199986, 0.0100002, 0.036],[0.000999928, 0.000999928, 0, 0.00100017, 0, 0.00100017, 0.00200009, 0.00999999, 0.0439999],[0, 0.000999928, 0.000999928, 0.000999928, 0.000999928, 0.00100017, 0.00199986, 0.00999999, 0.04],[0.00100017, 0, 0.000999928, 0.000999928, 0.000999928, 0.000999928, 0.00300002, 0.00999999, 0.036]]]
- 6
[[0, 0.000999928, 0.000999928, 0.00100017, 0.00100017, 0.000999928, 0.00200009, 0.00699997, 0.027],[0, 0.000999928, 0.00100017, 0.000999928, 0.000999928, 0.000999928, 0.00199986, 0.00699997, 0.033],[0.00100017, 0.000999928, 0.000999928, 0, 0.000999928, 0.00100017, 0.00200009, 0.0079999, 0.027],[0, 0.00100017, 0.00100017, 0.00100017, 0.000999928, 0.000999928, 0.00199986, 0.00699997, 0.029],[0.000999928, 0, 0.00100017, 0.000999928, 0.000999928, 0.000999928, 0.00200009, 0.00699997, 0.027]]]
- explicit 1
[[0, 0, 0, 0, 0, 0, 0.00299978, 0.0109999, 0.046],[0.000999928, 0, 0, 0, 0, 0.000999928, 0.00300002, 0.00999999, 0.043],[0, 0, 0, 0, 0, 0, 0.00200009, 0.0110002, 0.043],[0, 0, 0, 0, 0, 0.000999928, 0.00200009, 0.0110002, 0.0450001],[0, 0, 0, 0, 0, 0.000999928, 0.00400019, 0.0119998, 0.046]]]
- 2
[[0.000999928, 0.000999928, 0.000999928, 0.000999928, 0, 0.000999928, 0.00199986, 0.00899982, 0.0270002],[0.000999928, 0.000999928, 0.000999928, 0.000999928, 0, 0.000999928, 0.00300002, 0.00900006, 0.0270002],[0.000999928, 0.000999928, 0, 0, 0, 0.00100017, 0.00199986, 0.00699997, 0.027],[0, 0.000999928, 0.000999928, 0.000999928, 0, 0.000999928, 0.00199986, 0.00899982, 0.027],[0, 0.000999928, 0.00100017, 0.000999928, 0.000999928, 0.000999928, 0.00200009, 0.00800014, 0.027]]]
-4
[[0.000999928, 0, 0.00100017, 0.000999928, 0.000999928, 0, 0.00100017, 0.00600004, 0.02],[0.00100017, 0, 0, 0.000999928, 0.000999928, 0.000999928, 0.00200009, 0.00500011, 0.0209999],[0, 0.00100017, 0.00100017, 0.000999928, 0.00100017, 0.000999928, 0.00200009, 0.00600004, 0.0209999],[0, 0.00100017, 0.000999928, 0, 0.00100017, 0.00100017, 0.00200009, 0.00600004, 0.02],[0.000999928, 0.000999928, 0.000999928, 0.00100017, 0.00100017, 0.00100017, 0.00200009, 0.00600004, 0.02]]]
- 6
[[0.000999928, 0.000999928, 0.00100017, 0.000999928, 0.000999928, 0.000999928, 0.000999928, 0.00399995, 0.0179999],[0.000999928, 0.00100017, 0.00100017, 0.000999928, 0.000999928, 0.000999928, 0.000999928, 0.00499988, 0.0180001],[0.000999928, 0.000999928, 0, 0.000999928, 0.000999928, 0.00100017, 0.00200009, 0.00600004, 0.0189998],[0.00100017, 0.000999928, 0.000999928, 0.000999928, 0.000999928, 0.000999928, 0.000999928, 0.0059998, 0.02],[0.000999928, 0.000999928, 0.000999928, 0.000999928, 0.000999928, 0.000999928, 0.00199986, 0.00500011, 0.0190001, 